1963
5627
6251
2929
7151
2173
886
3509
9406
2431
878
6517
3643
5117
9971
1285
7057
1865
55
2121
651
5257
3767
3581
976
5215
1783
4717
3261
3761
3661
7493
7924
2755
5651
6081
6319
7723
1473
4981
6925
6303
2743
5669
5021
6625
9461
4165
8251
2901
6627
5353
6800
957
7876
7573
8982
3253
98
6261
1420
8971
5099
6373
4151
7833
1732
1805
8931
2491
888
5581
6589
2551
9026
229
1105
8123
6265
7941
4574
1261
1381
8129
1876
3863
577
9397
940
7561
1162
377
7982
7135
3321
7925
244
7107
667
8101
9545
4791
9376
1005
3341
4459
8643
5153
1144
4441
2392
2917
7658
1151
7936
3573
2204
6481
5
4301
7315
4471
9712
1921
8126
211
9972
8997
4406
8431
5764
9109
7408
7779
6941
9541
4077
9976
4909
1841
6002
9367
6026
7045
2296
8331
5680
9157
8106
3901
2635
1429
2764
5149
7166
761
4969
7759
1415
661
3968
5171
37
5309
2411
3481
7453
4901
2827
9081
399
9912
5802
9321
8551
1253
159
3679
3797
2281
2269
8873
4325
3277
5926
5239
7591
1017
3503
541
5938
5253
472
5323
9955
6505
3367
2247
3646
9880
3572
439
6205
4097
1186
665
7003
4357
7604
6781
3469
5105
5668
5029
1166
8157
3331
3975
3637
1321
1039
3507
4543
8149
9832
8641
7496
2873
40
3641
8012
1765
4983
1679
3601
7173
8214
4267
6290
2821
7567
6975
6913
9900
3196
3419
2656
9685
1508
3001
6216
9057
2458
8365
8561
3349
8905
5121
277
6401
1769
2485
7395
9069
16
6639
9660
6361
4540
9898
5752
3845
2143
9421
3526
8981
136
8347
2730
4861
5621
4183
4966
3405
826
3805
1193
5749
4483
591
3902
2473
2198
2647
7186
4837
5306
9913
5446
3101
6664
3105
4376
3781
1116
7241
6211
2701
4405
3541
2680
9061
8845
3175
1246
7309
9179
1475
5827
5461
5800
9780
6803
6565
3151
2299
9049
9873
6733
2641
4207
2953
3909
7345
8156
4869
8239
6087
4874
9890
739
3789
9091
9940
471
325
5477
8405
3217
9601
7746
4645
9014
9579
8341
4389
1563
1687
9674
3861
5428
5993
2808
9668
5376
5955
8500
3237
6156
5041
3926
333
6055
3431
1501
1669
6137
9724
9753
8721
8205
703
9693
2469
451
9702
9273
9648
4553
5151
4255
9053
258
5191
906
2341
676
3847
7202
901
2160
339
1858
2769
9336
9983
9805
1413
4096
2691
571
4765
4614
7867
6616
9988
2061
751
1831
6181
9641
7471
5383
5365
8601
4925
7768
2337
549
9657
542
7109
1801
6173
8171
145
9679
4665
6223
1421
621
9828
1280
2957
7486
6907
6893
6085
2735
2951
8290
2733
4137
7537
416
9645
6466
6667
1522
3961
1673
7987
9911
2885
5486
5155
4175
9840
2161
8161
9622
8629
8746
863
9567
8853
2687
3475
8491
9656
9994
183
5244
7213
7331
6119
1396
9628
9819
1681
137
9594
1657
773
9969
9756
141
8047
4789
501
9733
3757
9559
9413
4546
347
8827
9720
6425
3391
3913
7429
9314
5275
1326
8285
9864
9614
1622
9696
4526
5379
7291
9510
9582
3631
1111
7685
9717
2741
6006
5329
8662
9211
9495
8669
1837
5479
8790
7881
1279
9910
3811
9528
2516
3929
8719
6737
9254
6751
1215
2093
5047
7073
681
157
9869
2057
5356
9600
8098
9581
6009
6485
9690
7671
344
1477
7312
9271
430
9834
4911
7963
9750
9500
4618
7857
4598
9499
1053
3609
9085
8893
8116
3007
1063
9884
8407
5931
6787
9856
7776
1267
9504
3145
3006
6121
8284
8901
9163
7389
5098
9882
4071
5505
9797
8869
9788
6871
7344
9775
3034
2819
3551
8029
104
3743
2848
9201
5313
2251
7375
3621
1
2721
9646
4273
7520
9951
8263
5125
6771
8599
3231
6169
7318
1245
6649
9480
7535
5185
4447
7469
9975
4261
911
9519
6031
9625
4914
2629
9508
3529
9415
4997
2544
757
4518
3741
9966
8627
6039
4693
1006
3339
991
4573
1431
9351
1299
357
3973
5881
3851
3097
2053
1727
2377
1301
4567
5071
8970
7349
2026
1011
6320
3877
8489
9800
3436
5913
4474
9468
2141
2709
4378
383
2001
9765
226
1809
5770
997
9985
9921
5728
4993
7189
7021
59
9290
1210
9475
7306
4757
5915
9516
4926
4741
5932
1937
8498
3037
9950
4923
9335
9165
9939
4771
9672
3153
7903
5991
9388
7285
9420
9683
9639
7081
4295
9552
4897
6069
9355
2537
4453
4249
1754
6501
7459
8165
2467
2233
5301
6757
9360
7805
1599
9350
2222
9424
1714
6345
8891
1945
5141
7669
9774
7681
2304
7789
3538
2005
7426
3933
7684
4915
121
3061
8179
8255
4678
8965
6011
9185
3985
6457
5322
5551
3618
8477
7507
4047
7696
193
9319
4613
7975
9265
3359
9654
5190
6429
5866
2047
3900
7069
9033
6761
5320
733
3396
8527
1171
9808
9855
7305
2445
9231
6253
9412
9482
9393
7401
9822
8656
4285
622
9694
6293
9741
3844
9998
6316
3465
9261
9671
4834
5741
4699
1451
282
8389
4876
8075
9492
2117
5501
4651
1676
9180
8812
9858
2671
9936
1686
5757
7210
1401
9842
9347
4466
485
5176
4407
9005
1033
5453
9930
5734
4581
791
7993
8501
9959
9689
6623
4749
9405
379
5235
865
9804
8876
8809
6641
5717
5014
8781
2178
9177
3461
3813
286
6773
6833
2875
8576
9310
82
2931
7672
9944
9299
5777
9429
3993
7597
9243
6908
9368
9786
9999
5361
9996
4500
6201
811
4701
4000
9879
9062
4073
7276
9139
3280
9198
723
9928
3385
8265
101
9444
9170
445
3484
2325
2793
9505
7989
3951
8464
9253
876
9973
2744
1493
9108
9140
8680
7525
8716
8153
2836
4833
1329
9262
8768
341
5407
5707
4196
9396
8266
1733
6688
6053
126
9263
7477
9509
8335
1585
9995
5893
668
6875
9176
7221
8830
7183
9514
5085
6676
8515
7587
9216
9715
9860
9402
9571
8806
463
2381
4397
9226
9711
6277
4501
4037
9881
4513
5601
8361
6433
2946
5221
9990
3291
2064
9416
786
9043
1126
1957
9373
7111
9899
8961
9070
6387
7726
5989
9011
9615
9847
4517
5960
6511
4756
7037
3370
269
9128
9375
2690
839
5698
9920
9486
7249
6134
3777
9945
9028
1543
4597
2328
9440
3028
6665
25
7255
5101
9202
9120
9554
3842
9428
4763
9266
9063
2549
596
9048
1481
9744
6199
3731
1314
6949
9096
1353
9240
9077
2762
4879
8794
7261
9458
3027
9287
5197
9813
9450
2545
3221
3104
8943
8040
6193
2077
6603
9555
5869
4016
8871
9867
5001
4900
9706
3818
9034
3871
8511
2949
3313
8760
8151
784
9456
3345
1489
9060
5213
9002
6935
9512
9435
9562
8443
9684
4217
9301
9831
6543
6709
4972
1591
4840
9296
3195
687
946
2501
4944
115
8327
4821
1903
6419
5377
8533
7661
8291
388
6973
8519
8950
6955
8837
9846
205
9036
9042
2616
6443
3706
9503
1010
8173
8769
5517
6391
129
1347
8581
5013
6491
8937
1069
4847
9000
9629
9927
9399
4075
2983
9604
3230
8900
4324
9956
2506
8862
9772
9417
9167
881
5154
61
4316
1025
3586
4841
3327
9617
6056
8910
4903
2159
2914
6049
4806
5335
9423
45
2140
691
6363
557
9686
2187
206
8677
6834
2919
3115
7301
3457
9051
9178
9269
9315
8881
5585
8976
185
1121
8758
9506
4130
1531
431
9340
9144
9436
5640
8979
3522
9203
2845
4493
9979
1753
60
9041
7441
8818
9317
8964
9136
4579
9885
9837
9487
253
1888
5821
9701
8755
336
9087
7531
8888
8856
7981
217
9630
2334
9511
7105
6209
1826
9952
9161
1263
4510
9200
8921
9358
8741
1745
6226
8671
6489
2557
9796
9438
184
6653
4490
7861
1731
9792
8878
6657
8814
9425
562
4083
1909
1157
9272
8763
2007
8952
3982
9497
6587
6469
9597
8225
6706
6849
6885
5131
9366
8960
9306
4689
2943
4825
9255
9546
724
8800
2624
8880
8770
8734
6967
5449
3351
8670
5051
7823
4666
9107
5953
9074
3305
9738
2476
8930
4697
9954
2014
8996
6112
2509
4616
6979
9100
641
9849
9536
5735
9090
5233
5295
7009
9168
9215
6829
4556
8924
4609
7101
3304
9138
734
615
3751
9408
3281
433
6427
2301
8697
8127
7584
9746
926
4559
8932
9001
3702
9532
9997
5157
8848
505
26
9826
1214
4119
3919
9245
6550
7951
2728
2481
9153
7145
3859
8850
7397
9150
4504
8025
8776
7777
2266
2653
3256
9184
6646
9009
4970
4973
5302
6789
626
7705
2155
7977
2074
9427
9471
8704
8866
2989
6766
9419
1956
2305
3265
9275
730
2359
7279
8587
5031
8883
4996
3725
9557
8672
1578
8289
8823
2131
1891
9612
8949
3421
6238
381
5095
7165
4008
9312
2221
7485
8466
8640
8063
7781
1774
8610
3306
8221
2051
8297
847
3171
460
8542
1767
3769
2674
1717
5276
9675
3799
9968
8038
8351
9017
6805
5564
875
8595
9032
6902
3157
5733
8925
9513
9905
9478
8592
8326
3787
6163
8057
9835
6151
9142
7229
8889
259
4051
9021
9943
8281
5791
7141
2150
8209
8547
6537
9370
3693
8973
6397
6462
3041
7813
9052
5269
9462
8801
4533
8983
351
7670
9288
4713
2679
9564
2453
4111
6895
9095
5861
298
4951
9520
9760
5283
2711
9870
6353
2924
9369
4832
9917
8546
5725
9295
8664
9621
6037
9348
8998
9947
8992
6703
8684
8254
3239
4126
973
2498
3023
9624
1601
5065
9333
9038
69
8483
3671
9635
9132
1363
7641
7543
3381
3048
1873
4351
8711
9307
2891
5120
5701
8991
9146
8622
6869
1566
9793
9457
6405
8859
8860
6712
9246
3337
1725
5731
9432
7720
9779
362
9160
8778
5267
1283
8384
8864
9006
5635
8305
3316
9830
750
4053
4123
8648
8393
9235
1759
5539
8460
8550
8554
8701
9699
7701
436
9066
7250
8934
2376
7851
4372
4801
1790
8710
6696
9863
9888
5817
7740
9580
315
8927
6247
7461
5066
4303
4938
2609
6568
8449
7795
8340
2172
3935
9225
9067
9483
2515
516
9673
6034
8915
4696
8613
1931
4855
9609
8109
5702
8041
8879
625
9727
5193
4416
9342
1014
5057
3898
8748
1302
9220
5666
9282
8569
5263
4337
6445
9217
7011
8865
4133
2480
1147
1596
9592
9086
6811
9743
8298
3966
1161
3043
8308
5801
2719
9891
8591
5842
9606
5613
2689
4455
5661
9918
605
1848
8508
7463
9030
6271
8394
8006
1861
531
1239
8435
2969
2801
9633
8454
8720
931
4035
8278
8676
8846
8988
8628
8706
654
1807
9019
8634
9687
9308
1689
8820
7234
9876
8358
8756
8543
487
1851
7333
4891
1265
2279
9678
8307
2999
5230
8532
9964
8674
8404
1905
6856
4231
5475
8360
2189
8558
8453
1277
7070
8619
5208
8620
2404
3505
6296
1933
8940
8432
7387
6917
7634
8580
8379
8366
9088
8796
5316
9680
8428
2535
1054
1641
1179
5611
9007
9072
2176
8276
8916
9584
8000
4871
9595
6341
6934
4663
6971
6953
8364
7353
6101
7621
6483
7053
5914
8436
9723
9339
9464
9112
8346
9550
6626
8484
8053
989
496
2661
8097
8260
6198
9593
22
9922
8652
8505
7521
9277
1216
5897
65
8208
9607
2309
9227
4289
8609
9162
3735
8213
1369
8324
5338
9963
6661
8131
8385
4785
8967
8202
2959
9732
6346
3397
8890
8616
1316
4917
544
5177
6402
8300
3755
8376
7090
5637
2186
8516
6494
73
7786
4091
9204
1093
7978
8463
9851
8995
6801
8538
7734
8216
52
745
2916
9708
1926
2997
8775
2829
1627
4081
7432
9623
2527
8621
8220
8568
918
7293
8854
8320
4018
8313
1571
2477
8496
4107
7821
8448
8632
6051
4426
2789
9695
4375
9190
2513
3622
785
8772
8240
7826
7615
9234
4105
8248
8086
9502
9653
4084
7771
8148
8112
3222
6943
9619
2317
3279
8136
8061
8235
9801
9284
2451
8328
2306
4033
4309
5025
9501
1441
7556
9152
8273
935
8270
8984
2000
5097
8694
8375
4548
6763
8446
9268
8528
8071
8103
4429
2394
7961
2878
5977
5722
7639
9286
4117
9757
8596
7569
6961
8080
7153
4798
7749
5901
8417
8211
1665
6838
6521
349
8868
9766
4497
8802
8140
4712
2713
7417
8560
6436
9305
7844
8028
5946
579
8253
8330
3274
9210
3497
177
5608
4335
3566
4477
8437
9196
1198
7041
8194
1459
6642
7939
301
8506
6723
7825
8549
4041
7048
3597
1640
9247
4851
8134
9443
7932
9434
181
7997
1617
6394
9895
9710
2503
3039
8747
9962
8022
8899
9003
4
4913
7973
8612
4924
5545
846
2201
2569
467
4226
8188
9474
6243
9903
9865
4535
8625
9016
9106
8085
221
7056
8176
6449
9008
3208
9850
7906
7979
5530
8838
8914
9906
252
8433
6618
8705
442
9236
7104
8189
8107
8847
8559
4971
4203
4621
3494
3443
9784
4245
8390
8250
548
8744
5887
9320
7350
9810
311
8698
4576
7964
6143
8821
3063
8232
8241
1507
3983
9404
8190
7651
6835
9790
9389
8020
1110
8968
3067
8183
8175
9291
7192
9740
8206
8035
7017
8219
4484
7549
9378
8764
4873
9300
5362
7919
7075
8052
7500
859
3916
9362
8517
8359
8398
6901
1842
8666
5200
765
9354
1729
7832
9056
8904
1071
1624
5857
2923
8245
8895
8757
7193
109
6732
1581
7267
281
8283
8343
4476
7787
3082
9596
8180
8590
8687
2533
8541
9531
9318
5245
8872
3719
8229
6981
2338
7866
2747
6933
9603
4657
1959
9665
3452
9238
8036
7839
4468
2905
4716
3525
1174
7731
5371
8084
2285
3537
646
6509
8524
8004
7885
2357
7228
1491
429
8001
7960
4509
3226
4333
4726
8424
1074
8380
7968
1977
4486
8174
1456
8607
8137
8745
7342
8481
6836
3449
9542
3241
7905
1189
4448
4849
5020
7854
288
1699
1259
8242
406
3081
2243
4297
2710
8125
1534
3229
2562
2089
9010
6669
7447
3843
2767
7808
2523
8789
1810
7990
7950
8953
1981
8752
403
7943
5112
9117
7712
5745
9490
8016
9422
2209
2462
941
9591
9097
1090
8316
6996
8337
8624
4345
1130
8485
374
3333
328
943
8690
8754
3976
9754
8154
7910
1734
7865
87
8051
5206
7810
9093
9323
8805
7887
4522
7393
4277
5089
3126
4349
4735
2505
3950
9525
3674
5965
8852
8064
4011
8037
7996
7744
8142
7121
9394
5485
5962
9713
8450
8885
6105
8382
8349
7750
9752
8816
8588
8292
5771
6071
3364
8468
3603
8682
7334
7819
163
1269
8325
7878
6499
7956
1375
4541
8268
9843
2594
9470
7985
1403
9725
8584
1697
9578
5959
8310
7896
7369
2776
7716
6655
5289
7874
7640
5883
4383
9735
9445
9082
355
7802
8055
7583
2151
9250
7752
9610
1655
8348
3613
292
7676
1600
8700
5134
6563
4098
6325
4746
7515
5833
6233
2606
7830
7061
285
8685
7675
7451
7758
3474
5967
9400
8440
33
8955
3833
313
9214
8602
8272
1237
507
5961
9330
9182
7557
5347
8295
8777
3736
8184
3053
8100
6743
669
9208
7872
1936
6007
4087
6977
8172
7727
4449
8617
6602
7636
8415
8824
7953
1087
5081
7700
9141
8249
4642
9759
8073
9384
1099
7667
7472
7807
2810
8813
9953
7323
5756
8724
8636
7995
9119
9221
9631
7761
4987
8736
1291
1141
2450
3889
8657
7600
4288
8645
4702
8163
6036
7958
7691
7091
738
7502
5774
3999
5650
8461
6366
8586
3201
9544
2854
3711
9620
7798
2985
1569
7755
1029
3911
8659
7666
7490
9123
1813
9212
9407
7096
9658
1102
7820
9632
7638
6918
1525
6859
9522
4451
6529
1127
5985
1708
7816
5624
7809
8535
8600
4306
835
2474
7653
6638
5431
8210
7518
2242
9848
9465
3989
5683
5709
8954
7446
2086
3167
391
8280
8510
2443
7114
8482
7475
7410
4499
3709
6876
8178
9820
9352
5687
9816
7633
1221
5923
1623
6534
7969
8826
6013
1603
3085
3342
7875
9590
4845
1648
4929
8938
8262
3258
8792
9874
8808
8413
9745
4625
7504
7965
1109
2440
817
3466
1651
7361
9667
1008
9768
6551
3045
4732
9937
1661
7680
1675
2977
8487
6329
7505
2371
8191
8683
9718
8840
9575
7656
7180
5783
8766
4317
759
4201
8493
1201
1495
907
1113
7904
4671
3293
8681
8158
9476
7470
5280
7592
8675
1209
8215
9877
4902
9130
46
7462
7530
9704
558
2045
7425
4287
836
7488
9449
7313
9692
9147
8944
1795
8975
8642
4888
7838
8357
7440
8296
7801
9676
7380
606
8556
609
9065
9636
7540
8567
7852
4099
201
7371
6309
3066
9602
7538
7957
5992
7606
9251
8544
7590
3259
1978
5765
8264
8259
8177
7784
7251
8913
8738
829
8122
7611
2740
7548
3716
8557
9279
7570
8695
6527
837
8469
1425
7814
7929
5445
7709
9252
7483
9133
7840
7254
8717
7552
9292
1845
370
1165
9058
7630
165
7288
2368
4181
2754
7491
8858
9258
7664
7336
533
2971
8039
2621
7123
7474
7883
9650
7822
6023
8457
9012
7899
7194
7370
9887
568
6597
8987
9705
7258
7942
346
7200
8623
1183
7578
8945
8312
7542
7464
8467
2390
401
7280
5957
2257
7654
6276
8836
6472
7806
7572
7480
9207
5645
8723
8032
6586
7626
8030
4025
7748
8990
4729
7722
1602
5715
5251
5705
294
7039
5451
8912
7560
8750
6539
7516
2896
2725
7663
7728
3508
7272
7730
9791
9477
2249
8033
5317
9233
9328
595
8875
8473
3937
4718
3365
8514
3773
1276
9294
8104
9926
2011
7855
7460
6817
9666
7524
8922
3545
3683
7160
2021
7579
8425
7218
8490
3835
5769
7208
8195
9730
8851
2857
5243
5579
6796
4725
9493
7169
8947
7766
9815
673
2998
7203
7599
4361
7836
4269
6220
7302
5498
9691
4132
1597
9535
1825
106
8048
2554
7320
2398
8418
842
7257
8574
955
8115
7618
7743
7220
9585
7136
9573
8187
9776
8261
9364
611
7847
7110
1139
2073
2791
4629
7038
7364
2034
7098
9773
9113
5559
7884
8727
7804
6076
4153
7264
8147
2584
7140
9332
8399
2116
7078
2806
7163
7497
7372
3756
7895
246
8999
8356
1123
2436
1549
1474
9618
7631
81
9192
5035
4650
9401
7812
2315
8654
7719
3482
7256
7199
7184
7688
9159
7420
8884
7458
3379
6330
9280
1583
7952
9441
4577
7062
6847
7216
7645
5470
3401
2890
7157
3520
5775
8155
6972
6717
8010
1391
7185
6562
6525
4588
7030
9015
5303
9244
7086
1899
7835
5458
8660
4036
5199
9565
8078
7222
799
5482
7444
6993
7994
3707
7448
7376
4313
2578
7632
8026
3681
7154
8712
3193
6175
6671
197
2494
5785
960
7935
4115
5729
8849
7284
7035
9270
7797
2649
9188
1311
7290
7149
1646
7512
7650
5189
5550
7178
234
8256
9172
7421
830
7119
5626
7856
7031
2933
6179
3451
7923
7882
8323
2385
7059
7209
845
6909
1780
7733
7581
7112
4419
3197
5971
7152
1886
5053
7316
8083
5599
9866
169
8034
9583
1609
9099
1677
2934
9068
710
6381
9116
9836
3276
3439
9371
9821
7235
7509
4918
7513
3150
4331
7245
9946
8099
3025
1185
7260
1720
7175
7775
7026
7366
4777
658
6968
8203
6998
7007
3245
1804
8774
1941
7367
5398
5555
5998
7412
1961
9064
7915
8667
8499
7223
6922
7792
560
8439
6019
657
5912
9659
6923
6912
2572
6637
3563
6804
2370
7494
7076
7162
9485
1537
167
977
7770
9145
3608
9781
2367
8228
9078
729
2824
7084
9431
7436
2206
5337
5495
6852
7170
6165
2146
9103
6785
6889
7803
969
3352
7128
7243
8430
962
7545
2152
2441
6258
8081
51
3285
9878
8488
3992
3745
3325
8749
31
7627
7161
4795
5426
8146
6750
2577
6760
8400
6547
5641
6016
6808
9570
7002
7168
7088
2191
7040
631
8604
4985
3307
5716
2389
9907
4783
2105
9124
7308
9778
7240
9173
7215
4479
94
465
3680
9589
5928
6976
6786
7394
6780
7428
1973
7206
8908
6940
6656
7791
5142
8233
7565
9071
8718
6680
8577
7130
5536
9345
1019
7434
9331
6958
2992
9115
3266
5761
5779
9987
7959
9984
8019
9981
3512
9978
3214
6916
7991
7176
7514
7108
7377
6077
7665
8118
4596
9960
334
9957
1204
7713
1386
7918
4042
2037
1128
4561
5582
9942
7473
4733
251
6858
6634
5043
8828
8275
7594
7484
3170
9924
6945
7092
3915
6840
9616
5181
7034
7042
2666
4465
1146
7517
9798
7082
2670
7000
5169
6644
8186
8091
7103
7849
7287
6213
7605
4641
7188
6777
4049
6764
2911
6964
8258
6648
9377
6595
8162
6647
3368
2965
7890
9861
7217
9264
766
6970
6024
2589
6963
9893
7020
7864
7239
6948
7933
3941
7945
7248
7244
7071
8740
8874
6673
7742
3131
7100
1432
405
6089
8728
6600
8164
7155
1049
1803
7848
2286
7479
6103
7411
9149
8336
6668
3705
6846
7405
698
7616
1296
9789
9135
7456
7116
9783
5884
7172
8692
9777
8113
2125
3446
3297
8021
7326
175
9758
3038
1013
8226
1061
6928
7046
6581
5907
2128
8353
6596
7974
7043
8120
9022
7024
5473
8345
2644
6721
6615
3117
5614
7476
1406
2937
4963
3377
232
1621
9827
9322
8093
9714
6994
7553
2058
7382
586
7195
306
6762
8555
9626
4456
7036
9013
7335
297
6936
7296
2387
5934
853
9037
9681
6708
8065
6533
7095
8919
9467
4630
9669
3246
7080
6057
1797
5878
7360
7124
8480
5540
7008
6930
9651
2166
7236
2612
1911
3691
8445
4843
2215
7225
6754
9453
7562
4059
8730
822
9627
6582
8421
9529
5863
6187
7328
4015
8974
8381
6432
7897
8058
6475
1989
5137
8536
6919
4101
7113
8302
7966
6888
6400
899
6166
9588
7931
8520
5346
3945
8094
6531
3486
9576
5718
6956
424
9380
5094
7620
8199
7648
6545
9561
3315
6822
6417
6650
6755
7164
3455
5107
6897
1173
6666
6736
1319
781
7246
6578
6386
7718
7093
7060
6146
2277
3610
6378
1046
6900
6446
7014
7275
869
6161
7714
5343
9902
3748
9507
2224
4933
8015
8011
6790
9498
8788
6752
6048
6685
6549
9489
2601
2113
4140
4683
6566
6464
4912
6746
5942
473
8841
9298
547
9818
2133
7892
9814
6992
6658
9459
7760
7028
1996
2417
3804
6510
4143
9447
6770
8354
5391
7662
5988
4977
8713
6460
8829
9439
7374
6812
7563
9156
1784
6288
4482
7850
6825
2807
6868
6145
5226
6311
6570
6713
1450
6365
5265
6435
3523
2897
9316
6699
5297
6882
6742
6538
1083
8780
1738
6428
7659
5975
3430
8857
2838
6561
526
1149
5868
2017
8743
6304
2182
4197
305
9313
8074
9357
6818
8329
9862
6830
7317
9549
7564
7118
4300
8304
1870
8410
6250
8169
4595
7015
2008
2921
6715
9327
4274
6262
7536
6453
6289
1965
5436
6831
4252
6272
6231
6806
6273
8679
7629
8204
9171
7450
7424
6297
5056
8416
6594
995
2238
3925
9838
4211
5032
6734
6456
2839
7745
9276
6982
6794
7238
6340
1839
8386
652
6242
6370
6860
937
6368
7357
4061
2702
7196
3524
1293
3376
8388
4021
6240
1357
6520
3958
4793
8279
7614
3891
2487
3328
1637
9527
9652
7697
9472
6234
2033
6256
6710
90
9213
6486
8429
1998
8121
9761
6490
7033
6148
5324
8702
4408
8475
6810
4005
3778
7147
8575
5465
7937
5357
72
9749
7946
6468
8068
6952
5711
9174
8896
6376
4168
6136
948
6207
749
6966
2986
7739
2980
6328
8377
8420
6270
5763
6286
6477
7314
4163
640
965
4942
6333
5487
8344
8367
6614
7050
7582
6765
5721
8108
5061
9496
7668
7800
9548
6225
6356
4799
7544
8598
9967
8092
5909
648
9110
9521
1509
958
6837
9823
6162
9709
6524
4492
7148
9403
8370
1371
9875
4120
4251
6575
6132
3764
9736
6865
8197
3589
8374
1060
8832
7137
7072
2526
8920
6219
6118
502
6448
6452
5851
7423
225
7976
9039
9158
6526
6479
3677
9242
6195
5692
8024
2414
9024
466
191
8392
4177
4953
8414
3022
9556
2138
6567
7737
9164
8732
7908
396
7355
6125
9872
5152
437
6369
6129
4444
6965
7988
4121
3166
7984
6795
6120
7182
6544
4004
5755
923
3521
3658
8540
5903
8566
6035
7270
7602
6202
2663
8223
6815
6519
8350
7711
6503
9372
6408
2139
2164
6200
7678
8606
7674
7585
6197
245
3374
6218
4108
6375
8271
8212
4054
1615
5974
7388
6905
7226
4600
6354
7051
8907
9189
7252
2291
6020
7329
8269
28
7785
2194
7356
1556
3747
6254
8886
5422
6474
6182
581
2995
6310
3004
8503
8492
2015
6851
6944
8939
7880
2610
3069
5944
8391
5636
6232
5984
9334
9303
6444
9716
6564
4228
7102
7205
7303
84
7365
9933
9938
6558
8096
913
6540
6099
6000
9949
6154
2031
6174
712
1385
5104
7501
7339
7298
5999
6239
5080
9491
4708
7362
3288
8799
6222
6488
2260
9642
776
9897
7347
8787
5404
6144
441
6066
9755
8319
4055
6591
2300
7310
8166
5835
4511
6792
3450
9218
6003
8144
4253
6552
6097
7644
8338
1607
8903
7416
6237
6697
7265
8742
8815
7027
6280
8008
8668
5945
4817
6420
6877
1287
3055
8087
1546
6579
1913
6553
7055
6070
359
6820
528
3087
8133
9442
2866
9670
7281
6496
7971
6084
7085
5852
2211
1085
7724
677
2324
5995
4364
2237
5922
6204
6942
8196
6334
3615
6867
6117
1539
7704
6592
5780
5950
1779
2716
7212
3697
7268
6410
6260
4413
7065
5086
5921
6554
6321
8230
5900
6284
1251
1660
1073
9283
8631
8368
7190
6106
9845
3750
8397
9398
5798
6894
5493
4850
6264
2130
6396
7652
6342
1749
7764
6029
8877
3664
7889
4856
6102
8088
5760
4234
7133
6870
6784
2907
395
1672
6110
6536
6287
5519
6404
6350
4931
4886
6528
2245
9148
5831
8562
1155
3583
6160
6371
6040
2145
7399
2401
8897
2579
8898
6442
7551
6643
4515
9961
3223
6828
4439
6060
1710
4617
7575
9451
832
8523
6308
5920
7385
5513
6335
6523
9080
5201
6108
1133
5936
5730
1112
8502
9894
4229
5822
9293
8090
5890
7143
5810
3654
6072
2968
6459
6500
7381
7601
9089
8288
6215
7926
5837
2591
2167
6607
2657
9747
6357
8573
7980
296
9764
5676
6088
2831
5854
8396
5856
9035
6130
4327
6684
5139
6090
6075
5776
2163
5904
8833
6744
5877
6038
5294
5688
5326
6416
6593
6832
8339
6946
5925
3837
6093
9278
8069
8406
6227
9539
9613
9563
6114
5748
6438
4205
7087
5906
7378
6058
120
5848
7452
6604
9460
5796
3666
6282
280
53
3657
6300
1739
9662
1402
5797
5630
1447
4932
5671
3592
7120
1530
6960
7467
1589
8969
6848
694
5832
3238
6116
1195
689
561
8135
5296
3791
6098
629
1662
7354
9122
6422
5814
5720
4491
5742
6025
6406
6502
6700
1232
7818
2488
7612
8545
1131
7445
6915
1758
7900
6111
917
6512
7368
2351
6412
6312
5841
1379
5532
9923
8277
2188
6244
7392
7352
1395
5618
7534
6612
6044
1297
3907
7796
7340
8507
5497
9857
1857
5610
5787
8247
4050
9809
6862
9643
9155
9611
6720
5865
9481
5880
8141
9469
1426
5766
4551
5970
5544
6170
5148
7282
3400
6845
7300
6358
7999
5622
6797
2961
8217
5746
5964
6403
8371
5784
2107
1925
7751
5740
5286
6816
5609
5576
6530
5616
6083
6583
3544
8594
6431
6621
713
6224
6285
7831
530
139
9031
2181
5631
8867
5034
5889
6522
5885
4498
6208
722
3211
6873
7756
9045
9551
5580
2149
9737
3927
5838
2681
8110
7224
2973
1317
5491
6138
5291
5658
2264
321
3070
5504
1776
6307
7295
7589
580
6716
808
7269
5277
4391
6168
8978
5811
7134
5690
6898
8985
5790
413
1777
1691
2745
5829
5165
3944
5704
203
8070
2788
8067
5844
5712
1001
1991
4294
5956
8132
5664
4028
5632
7156
1743
3726
1693
6355
7660
2383
6437
6164
9249
2018
6292
3286
1407
5638
5468
337
5572
8193
5670
5007
6318
5895
7259
5538
8013
5390
5916
444
7888
5930
6738
7868
5973
2078
5633
5703
5460
7273
5527
5905
215
5457
6957
4852
8870
4680
6906
8548
7607
414
3049
7126
9729
5586
3653
7617
5370
6014
7962
5429
3783
4046
5352
470
5456
7657
5350
9084
8111
2066
1829
5940
9728
4176
6027
9126
6348
6454
6610
6932
6864
5987
5109
64
3123
4334
5368
447
6823
1288
6580
326
2449
4299
9859
5522
4221
5918
6096
8027
7171
6279
9647
3332
9102
5471
9046
7012
5341
6008
8234
8408
9853
7004
5454
5090
5500
3030
5943
4438
3065
111
9379
4399
8665
2290
7860
8401
3295
894
5250
3571
653
1709
9787
9929
6799
5499
369
8579
5434
2876
9018
3472
1613
1750
5510
4323
7827
7559
6439
5374
6714
6015
9121
6939
7815
6497
9409
2055
1869
6573
6062
2678
9256
5541
1701
1618
7437
1564
7794
5786
675
8655
5546
3407
6758
4809
7782
6783
2081
5490
5256
7717
491
5652
5476
7023
3649
1338
6196
6269
5515
8201
9517
5849
5192
5653
5415
5360
5292
6719
9649
1747
5278
4262
6880
6633
3225
5348
5336
5450
6883
2559
6440
8585
5870
2952
6389
3003
5173
5488
7478
6255
1483
1258
5570
3340
1529
5248
5778
5252
8456
6844
4265
8771
7402
7983
6113
5535
5332
6636
7686
5781
5681
514
7289
2675
4369
8729
6395
6727
7921
1234
6390
9311
5694
5603
6294
809
8465
1236
5481
7938
1943
3075
5236
2637
2877
5484
5937
5726
8715
599
4377
8045
5840
1984
5724
692
1979
8608
5466
5474
7623
3176
4341
4363
1895
5483
5358
5600
5439
8455
9205
5318
5850
6147
5648
7319
3779
8402
8761
7503
833
5345
5198
5678
6463
9586
5135
7077
7407
5642
5211
6139
5685
6171
5597
6291
7522
6054
5122
6150
5222
5751
5145
6184
8182
9267
7468
7902
1465
1305
5168
6214
5533
3543
6704
6974
7307
5385
8119
4875
5045
117
1461
5258
6176
9197
5514
5605
9534
5463
6210
4127
5511
3146
6886
3358
6188
6809
5421
5568
1235
5891
5167
628
5299
5523
9992
5994
1523
124
6679
9982
9980
268
6235
228
5382
9970
6141
6379
5217
2742
5625
1324
5567
5859
5816
5300
5049
6824
5060
6628
7455
4002
1405
5803
9932
5478
617
8143
7029
3162
2981
5220
8522
9914
5074
8735
9908
7894
5417
2156
6450
8282
9896
5667
207
4956
5562
9886
5068
1540
5096
6735
6660
7341
5480
3496
9533
2846
5754
4988
8957
5247
5824
3404
5747
5910
7386
5325
9844
7690
5330
7873
6645
6556
9111
4166
5229
6131
9824
7181
5892
3964
7146
332
9812
5886
6689
420
5547
9802
4940
8906
5126
9794
5875
6853
4937
6298
7338
9782
5069
6698
5170
3754
5036
9770
5328
7967
5935
9762
6557
2096
5691
7642
6884
5655
7311
3492
5619
250
7508
6492
6172
1772
7299
4949
5617
4558
5083
6385
4980
9661
5899
6476
893
5261
8076
5697
7278
5172
9700
9698
9634
9361
5400
6189
6662
5858
5649
9682
5560
4890
6478
6756
4986
7174
7227
2512
8471
1256
4945
7414
1433
5184
3579
4776
5963
5565
9644
5862
9640
5307
9337
1138
5719
9274
6206
9543
6487
4170
5710
6183
6611
9904
4824
5115
6682
9524
5040
7242
5310
9598
7772
6414
9191
6086
6392
3074
6178
5050
6854
2682
4807
138
9572
5423
5044
1390
9948
8309
9560
8793
6652
8383
1309
8150
7005
7099
3569
1896
9540
3218
5452
4803
4920
9187
3865
9526
5663
7406
5100
9518
2455
1362
4814
6180
2303
5432
4872
3296
5662
6332
4781
9494
5174
5110
2685
532
5592
4788
4848
5607
4755
6990
5072
7576
8630
4478
5259
748
4950
2832
9574
9454
7089
5175
9448
2350
5509
5804
4800
6275
8646
2954
5584
8633
7442
3250
4750
5009
4830
9418
4185
9414
6091
1226
4802
9991
7292
9430
4868
8963
9054
5401
4173
7922
4946
9386
8387
9382
5845
5210
5860
9374
5467
6559
5855
6021
1487
7006
4740
506
7588
6236
9344
4760
5472
9346
4827
6228
5768
6159
7529
5902
6999
1366
5896
1218
9324
4838
5825
412
6726
6245
8130
7909
6149
6423
9304
9302
5425
6314
5146
6926
4747
7032
6467
4865
9359
5187
5075
5606
5039
9105
4529
4893
7613
1358
5048
6493
8017
7715
5340
5684
4804
9915
7348
5359
2135
3184
4675
9426
4661
5076
5876
6745
8066
5272
9224
304
5520
5512
4896
4578
8686
5319
3873
9206
8089
12
5290
4672
4719
9194
4854
8994
6891
3934
4766
2714
5091
4706
5549
8570
6879
6080
5268
1044
6004
6741
5695
5543
5019
3498
4928
76
4067
9707
5315
9795
9050
5537
7912
9134
8412
4965
17
8844
2363
2062
4624
4653
1947
8726
4580
6407
5003
5024
5393
5262
4655
9098
6372
1230
9092
5321
5254
5271
4998
5111
161
6675
9076
8378
4599
6349
5311
4722
6798
4784
5331
6470
6252
4698
6032
4570
5023
3630
5015
6230
9040
1188
6518
5128
6774
4710
5654
9925
5064
2364
5665
6749
4554
8537
4947
4930
5656
6042
9004
9349
4860
5084
1103
7495
725
6670
7067
8986
5156
2620
4939
1898
4620
9446
6729
7064
2553
8966
9083
8962
5204
2770
8956
4514
5595
4720
6711
2782
5590
6985
4714
5123
8936
3058
4752
4534
9664
8926
4531
418
5575
8918
6687
2294
5140
5573
7066
8479
1417
4420
551
4853
8972
4064
8892
6315
6678
5924
771
6903
4560
5983
4844
5553
2273
9466
4648
8958
5000
9029
8236
1990
5166
3864
2547
4475
5767
8243
9726
2022
4472
4887
4982
8834
4976
2076
5448
88
2177
8822
4704
592
4959
4431
6609
8810
7609
5006
4899
7677
3701
8798
7330
938
5966
4978
6331
8786
4586
8782
6585
4508
329
4823
7283
5260
4753
4870
4670
2104
8478
188
5738
5836
4384
5873
6281
8785
8441
5828
7398
5150
4592
5161
5782
8614
6546
1846
8372
8722
4905
9769
9047
4314
5288
4422
9806
8534
7566
5677
4524
7846
8696
4485
6929
9392
6516
3882
2507
790
7492
350
6507
3200
3765
4440
9259
5005
8509
5772
4480
4563
4464
6606
4354
5363
4984
4585
8644
4768
4545
5205
4584
9044
4462
2786
7391
8626
4774
5598
8200
5699
4057
4919
1971
4368
6413
5958
4644
4862
5375
3652
6140
9381
4425
356
5629
9094
4632
7499
4355
684
4432
3418
6776
8046
5202
5976
8564
5708
4975
5214
4402
4373
8552
3826
6411
6495
373
9232
5978
7115
4656
4769
4320
3516
4305
4669
8246
4958
4271
8518
5396
4730
4816
5143
8159
7934
4572
5232
4488
5660
4296
8494
4607
1906
7427
8486
9341
4040
4280
3970
4326
8474
8638
8470
9479
5395
5941
8462
6513
8458
7539
2668
1635
726
4880
9488
4686
5159
4512
1506
4332
1820
4352
8650
5762
8426
8733
8422
6100
5812
6938
6010
4566
9309
5255
5604
4898
8419
4250
6590
5384
6995
5108
4392
4623
4792
6185
5334
1551
1078
4192
4503
4550
5022
5753
8817
1399
4633
3921
6380
6267
9748
9137
3676
627
4290
5327
6887
7911
4927
7294
4635
8332
7083
6246
8495
4640
8322
4266
3432
5293
7404
3953
3886
5673
1040
5405
9605
4374
4610
5246
5793
4238
4967
9965
8286
4796
6601
4149
4715
4154
8274
7263
1056
7655
1528
7231
8977
6203
2874
5160
8427
8252
4200
777
4367
5744
4736
4382
8238
4223
1796
4410
8333
4974
4338
6465
8222
4839
8218
4160
4329
5948
5441
3997
4279
5972
5304
4310
8198
5464
4216
4224
4347
4859
8563
5414
5038
8539
4469
4536
4138
4995
8082
6126
5403
2871
3272
4218
2974
4080
9767
4090
4775
4222
6724
7125
7197
951
5947
793
4626
8317
6927
8128
4815
4198
36
4162
4797
6451
728
5116
6622
6572
4246
6078
6295
4150
4188
5566
4258
4284
6620
5392
4146
2979
3124
5951
6924
7010
5872
8072
4045
2103
7063
4088
3262
4810
4063
8056
80
5542
4095
6608
352
8044
8042
3841
3596
7637
4043
6987
6991
4056
2930
6018
850
2471
4731
4676
8605
7707
4628
7845
8257
8842
1096
7449
4773
4634
7409
4311
6157
1983
8267
125
4298
5130
3164
6707
6819
7972
2536
4434
9742
4191
5308
4240
6920
4014
7954
6104
1576
7948
6409
8334
5643
3071
5103
4202
5839
8593
4575
7928
4842
9919
4427
7920
6937
7916
7914
4568
9935
5408
6598
8807
1594
7877
7898
4094
9183
5919
5750
5492
7886
4032
8589
4728
4241
4654
3198
4674
7870
6065
4822
1217
8582
4395
7858
317
4125
6599
4660
4360
160
4418
7842
4116
7262
7683
3734
2865
2566
5282
2936
4908
2490
4209
8168
4885
8050
4340
4118
4026
7142
4681
582
4350
1550
5506
5196
4394
7790
4242
4139
5004
5188
7780
7778
8863
7774
8572
6571
5826
4236
8411
7762
5743
4612
8342
780
4078
4619
3183
5164
9223
3860
4257
7738
4835
5052
7732
9568
3948
6005
9655
4212
1881
6074
8512
6839
9839
8472
7708
7706
5136
998
7359
7698
5990
7694
4487
2406
8002
5124
4437
2
3904
2524
4826
5106
9697
4136
4052
1912
2349
6455
7811
3836
4158
2420
519
4029
8649
7646
5092
4877
1041
4066
3952
3905
5088
4184
3838
9817
537
7622
4557
5070
6560
5686
3872
6124
4738
6672
4530
8691
3875
5284
7489
2274
5727
1336
4878
7586
3939
3978
4643
1180
5082
7574
4292
3686
2205
6305
3858
9751
1081
604
8009
7554
4248
7550
3876
7546
5412
5679
9193
2794
4356
6339
3963
5773
7528
1788
3879
6759
4220
1438
5888
5952
5008
3988
9385
4636
4589
7363
5503
7498
3936
6421
9365
3980
8825
5342
2847
7482
3850
3156
4770
2468
3856
6896
5713
3590
3996
4264
5287
4179
6192
7454
5058
3800
3762
7769
3979
7871
1741
5583
7074
3894
8352
7430
1735
5372
9931
5349
8530
7418
3888
6843
8637
3819
5556
4761
8941
2284
4460
6424
4386
6686
3828
1736
1503
5037
6461
6122
5127
5593
6323
6383
4691
6532
4668
1928
4507
3912
5997
7358
4904
2336
5016
3076
5010
4831
3133
4396
4404
4892
3752
7788
7332
4398
5954
4884
7324
3759
3840
9363
4062
6095
8811
5455
3696
6814
9257
550
4380
5874
9977
5529
8005
8138
3796
7286
8831
4565
5373
8060
9075
650
4782
3817
4779
7266
4321
9129
3685
3142
1953
7396
4366
3770
3744
6359
9523
3825
4525
3803
1027
8231
5424
5219
3892
6317
5418
5819
3774
2872
5063
2920
4703
4167
4505
4957
7204
4147
3776
7198
5397
214
3644
6471
3887
2492
3668
3990
5026
8843
1129
8707
6194
4688
3829
3014
3957
7692
3600
7158
4994
2880
5364
7150
9297
4131
3807
3903
3740
4415
5554
4089
459
4495
4820
5216
5524
3478
4112
1442
3758
7373
2817
3585
107
7106
3663
4664
8062
4767
7415
3555
9547
4254
4102
6619
3724
7907
3580
4134
8784
8451
3568
3673
7068
2046
3619
4523
3883
7058
3920
834
743
4365
5459
6504
7044
4024
3660
3910
3047
9871
5274
4007
3717
1612
4318
7022
271
7018
4385
3682
8765
3136
3942
6059
5118
4103
3570
4086
3539
4742
3785
3605
543
6986
6984
4122
6980
5815
4142
5027
3984
4362
89
5805
6094
6962
7879
4473
3922
3721
5739
6950
4866
2302
5732
6128
3635
3056
5305
1836
5242
3626
4330
3695
4039
6793
3722
4104
843
856
3816
3547
3768
2722
6904
9986
4232
2280
4100
4979
6892
6890
3640
6217
5163
7438
4128
6030
1423
8653
6872
7139
3808
6866
3564
3026
3528
2944
5144
7799
3459
3699
3852
4017
5133
6842
3480
2962
3690
8139
4270
6043
4552
8531
8578
4631
8525
6663
4603
1370
9104
3499
5402
4387
3969
2154
3500
4532
3656
700
1057
4074
6788
4458
3456
7596
1471
2618
4235
4516
6772
5979
4371
7829
7177
3542
3718
1958
5067
8497
3760
3645
6748
4159
1849
1430
6740
3867
6362
4403
4114
4711
5046
6327
4538
6722
8054
2282
4169
3501
5437
6947
4302
7527
5028
3363
9079
158
4328
1132
6692
6690
3488
7595
3642
908
2841
2530
8882
6674
3614
3565
4058
3514
4542
9993
4858
314
4992
6654
8315
4319
1393
338
4172
7131
7321
4608
3353
3959
6632
4233
7862
5675
3688
4521
3908
9073
4962
2958
3420
7337
5980
9909
5949
7893
5516
2778
3893
8007
3708
1346
3187
3382
6899
7608
4606
3611
6576
5489
2795
3947
9854
4214
1867
1688
3444
3624
5381
8611
3336
3550
6548
5789
6769
6542
3924
9807
4256
3366
4278
4571
4044
6728
7097
70
4110
1284
4344
9771
3552
4805
6508
6506
4178
4582
3625
3971
4060
8708
3348
3435
5864
3738
6484
3495
6480
3634
567
6624
4038
716
4204
198
3434
8476
8767
6458
4304
2600
3260
3870
4019
984
3540
5696
6691
3786
3504
6434
4237
6430
5759
6426
4818
5333
3531
6336
4812
3251
3491
3846
3471
1052
6705
3806
4537
3723
3309
7917
3713
6367
3790
3423
4889
6635
3470
3810
3636
3036
3411
3906
3710
1924
6364
9383
6360
9537
3995
3530
6352
3189
5843
3192
6344
5285
6301
6338
8583
3287
8314
3425
7571
8369
6324
3567
3476
3373
6695
4649
3173
4790
4935
6306
3154
6302
3205
4489
6012
3831
3210
6001
8689
5933
4883
3144
3728
6278
4707
6274
3584
3548
2987
6266
8731
6158
3511
9387
1773
5714
8678
3375
6248
4164
2355
1076
7466
1328
1143
8797
3648
4895
4152
3322
3890
3519
5939
864
4662
3354
6212
7132
7247
3403
2227
7610
4276
6046
4208
9703
3612
3185
9803
6186
4638
4215
6617
4193
3667
3360
4109
6731
3598
6393
4194
4069
3300
9237
9799
5882
6152
9577
3604
8444
3355
914
3991
4092
4602
7325
4881
3700
3830
8031
2403
6577
2521
3234
3160
7555
3247
3263
3782
4171
7643
4401
4210
4591
6569
3095
6092
3395
4206
4658
3536
7419
7079
3834
4312
3178
3059
4637
5077
8192
6064
3143
3194
8003
8294
9638
7054
4705
4615
5212
3148
4187
4322
2426
4527
3294
3224
5427
6028
8014
457
666
8948
4012
3632
7207
7619
3011
4778
3729
3021
3954
3080
1514
5996
3330
5240
4590
3493
2588
5380
3441
3302
3416
3125
3190
3880
6874
5042
6347
5227
7765
3100
3972
5853
9125
5223
3000
4106
7955
2225
3772
3177
5496
2996
6983
3798
3955
3678
7532
4443
3161
4544
3155
6910
6399
2976
4605
5147
5594
3116
3549
8293
2200
6857
5894
4910
3746
2693
3270
1559
3077
5806
6441
4836
5178
3670
3502
343
1970
5012
6651
3930
6989
3072
4379
3017
7702
3655
2912
7558
2990
4072
9934
3822
5834
2988
2106
3384
3884
5689
3134
3662
5818
1257
3698
8526
6415
3454
8709
4721
3868
3248
3042
2926
5794
5792
916
5788
3587
9763
8673
2935
3424
5234
7439
1987
8306
857
3255
7271
3283
2950
5758
7465
3311
5033
9055
3732
2899
3733
478
3120
1698
3107
3203
2219
9958
3577
4076
3392
9538
3575
3687
3202
8571
2975
4135
4281
7863
4991
8311
5700
8980
3560
5413
9101
3414
9566
8529
4627
5682
2960
5571
3558
4690
5672
2925
323
4677
2864
2945
5182
2963
3232
7944
2904
8902
6107
5646
5644
8942
3165
3188
3938
3869
3409
4148
2881
2910
3647
5898
4593
2636
3159
5587
3111
2856
3044
4639
8909
5602
2900
4129
5354
3212
7773
8703
3801
2898
3141
6629
4506
1334
2816
5574
2938
8355
3369
4048
3135
3853
4467
5558
3704
8303
5552
7219
4161
488
9688
1484
3350
3562
3114
5534
295
8160
5528
2955
6299
3824
3174
284
3546
7647
6382
9186
5508
8301
3440
3207
2805
7049
5055
5494
4186
5018
2940
4315
4113
4528
7725
3310
5180
1382
2811
5438
3917
6377
2892
5462
2870
2396
6482
8181
6061
4695
4414
5596
5444
5442
5440
476
8023
3479
8911
8145
4213
3417
3616
3483
5420
3096
5416
5908
3242
5410
2734
3179
3088
3742
8077
1692
3408
9889
3264
3518
5388
8079
3236
2835
5298
5378
3139
9974
2978
7129
3318
5366
3576
3064
6694
3078
2928
2798
2704
6725
4393
9637
5344
1638
3204
6514
2784
4259
3010
9721
3168
5615
3487
4435
2863
4960
4430
1524
2956
4744
9289
7834
2676
8597
4346
310
6802
3639
3402
2760
2842
1762
3766
482
3960
2695
3582
5132
8459
1586
9411
5266
3243
3301
4353
1182
3024
2840
6498
2750
2651
7869
2772
2853
3275
7433
2625
2888
8618
5469
5228
2717
5224
2984
3113
458
6683
3357
4155
7625
2751
7635
9118
3468
9553
4020
3897
5194
5273
5367
6155
5186
2628
2830
2738
6041
3098
3319
2622
2619
3412
6951
2834
4819
2752
8318
4227
3534
3220
8928
2673
2604
3054
6677
2575
5138
2889
7741
3849
7695
7703
7689
7682
3152
261
3051
7947
5114
7913
5195
3147
2558
797
5102
3389
2757
2918
208
2613
116
2862
7232
8714
5929
9587
5078
7735
1904
5389
2416
2667
3268
2820
5062
71
6384
6123
5054
2859
5249
4417
7593
2561
2611
9608
7506
7025
3356
3094
7117
6747
108
3140
2790
7533
7159
2586
3013
2932
6418
4727
9455
6841
5002
2700
3031
7754
3578
6153
4990
5507
6337
4564
3561
2500
4013
4260
3267
2587
2982
4968
9131
4964
3308
8373
5087
2761
4954
497
2585
4948
4694
3399
7413
2546
3292
1593
9175
4955
5218
3594
1768
3216
4922
2665
2658
8434
5518
2528
8993
823
4906
2964
5723
3290
6133
2652
4894
819
9020
8773
2499
2664
4882
4283
4065
5986
1746
7679
2922
4031
7523
3344
2632
4030
4934
6135
5578
9356
2475
6343
278
3633
2427
2780
8185
5203
536
2718
2457
4828
9785
2796
7233
4370
4846
4652
3103
2688
4219
3334
3715
1847
2520
2655
9395
2432
7191
3089
5820
2508
4786
2522
8739
4780
7167
8244
2883
3814
6921
8287
2460
2571
6388
2550
3965
2407
4754
2574
2384
3477
2486
4921
1172
1411
3090
2627
4734
5982
4085
3387
4811
4724
9437
2400
2434
2792
1124
2375
7379
2470
1220
2850
794
9833
3018
8759
2692
5386
6374
7603
1930
4684
4682
4141
452
3739
8409
2592
8762
3684
2240
2948
3885
7304
6190
6826
2818
9114
2595
2573
4646
8803
2373
2800
718
5795
2555
5351
2781
2340
3855
1229
4622
2380
2419
3462
868
3426
756
9343
4723
2366
3068
2645
2354
6730
4594
3574
1756
3317
1992
2634
2581
3298
2583
2464
6861
2540
3620
3956
2804
3593
3033
6068
4863
5241
4342
9677
2415
2525
3987
2397
6813
9731
6807
6022
1464
2472
2833
8207
3016
3393
8819
4520
2478
2837
2684
2532
456
7481
5162
2828
6753
2430
5433
4496
7793
5129
2226
2310
5183
2261
2250
2576
1538
3730
8403
5355
2913
5969
2639
3244
6693
8887
2262
993
4454
4452
4450
2564
3627
2259
4442
9181
8663
2322
7710
6047
2459
7274
9734
2765
2418
2236
2739
2246
2724
4412
2662
3854
3517
6326
8117
2244
3665
4180
3896
7687
3235
4388
6447
4336
3899
3650
2321
2192
2241
4762
2410
3312
9515
8059
5394
3415
4358
2941
122
2542
4359
4348
2650
7343
8737
7138
6640
3252
7400
2756
7214
2705
3784
2323
3020
3240
2292
3406
3595
2254
146
2797
8114
3228
5119
6229
4907
2360
1584
7511
2318
2332
1548
2825
4282
2461
2212
1587
1878
4272
8224
2683
7322
2184
8237
4745
2698
5179
5799
2774
3848
2148
6988
5911
9239
3180
180
43
2263
6191
2425
6073
4555
709
20
2256
2183
3557
5807
8795
3050
2993
2283
3998
6322
8861
572
5736
5623
2358
4190
3485
2275
2615
4182
2851
1434
9883
4174
8043
4562
5406
6249
3914
2320
3227
1270
1875
4199
2768
3093
2346
3775
2590
7122
3361
2748
3532
3057
7047
3062
2580
5867
4124
3206
2369
6177
283
9868
3084
2220
7767
4079
2538
2344
8658
2732
7144
462
2707
2660
2268
4411
6855
3289
2100
1502
3638
2231
2069
4070
4068
2090
4494
4739
2593
7736
2448
3771
2556
2075
2783
2142
2696
6063
1761
454
2511
86
2044
6878
3002
3437
6630
6033
3073
8635
2510
2028
2065
6584
6954
4006
5411
2208
2356
1154
2799
3994
8124
2429
2607
3986
2217
2534
9353
8693
3692
3974
5270
1086
2108
2775
4952
1340
2640
8018
4400
9410
2452
8553
535
1022
2465
2016
3326
2327
2132
5339
3932
2489
3928
8095
2180
7940
2311
3669
2706
2413
5207
7949
2884
9739
2020
162
6739
763
6241
5443
443
2362
3015
266
1897
1298
2153
1108
7403
7729
4539
1295
4737
778
2174
7891
2248
767
2124
2785
2270
1080
2803
2493
939
2278
2720
4275
3445
1322
705
1986
1223
9195
2915
2029
1950
2253
2815
682
613
1948
821
8989
3473
4189
1955
2771
3943
891
2030
1515
1940
704
1553
1652
3019
1219
3314
9825
559
585
521
254
1938
4308
2753
1785
1781
345
3215
155
1994
1404
2137
223
2638
1136
2190
9154
2050
9326
5737
1935
1241
1137
2179
2777
841
1730
1920
30
35
2329
2939
7673
2518
7187
1932
5674
4569
2861
6701
1919
1910
5809
3299
1526
2823
618
8513
1982
1934
3388
1453
2633
1856
4659
1964
1860
1868
805
5917
1059
3427
1604
1997
1552
2010
812
1485
1355
5369
947
2197
633
2484
1908
2112
3515
779
1900
2348
986
719
2602
1205
1975
1827
3410
1818
1770
8442
6515
2560
1520
515
2230
3467
464
671
1535
173
827
1619
78
1225
3763
9452
1565
2343
4829
1177
170
1377
1794
9841
1830
1365
1946
279
475
1862
8102
9169
2858
3273
1722
461
1806
1409
3371
417
7927
3149
5279
905
1815
2541
3506
1863
890
1125
1367
7346
8725
3628
3809
1824
1304
877
2216
9722
4700
6821
1954
2539
975
1349
992
5589
6263
9260
3442
149
342
1740
5314
135
5981
1771
1742
1633
2288
1445
353
2042
2382
737
920
1894
970
1838
3099
2570
1782
4436
220
1307
8751
4244
4003
387
1002
953
2127
6863
2927
3874
660
1055
2887
9059
1685
411
7817
1890
513
2567
6768
1009
9892
1187
2185
6257
1439
1822
348
3127
1350
1879
3128
1716
371
1852
255
4423
3323
3209
1567
4230
950
2193
614
7824
5634
1864
2814
2094
3338
7998
1880
1037
1249
2002
4291
1760
1683
3130
3346
1715
1854
2886
1775
1700
9530
1744
1043
2517
1115
6017
4268
933
1791
685
1348
1680
1684
1303
1388
1630
7230
7201
474
3788
2867
3343
1639
3172
588
2548
1712
57
79
4247
3675
1632
2746
3554
932
1764
1885
1213
1592
525
392
1650
1031
873
5158
1469
620
2313
632
1808
1887
2463
1572
1972
1835
8951
1755
189
871
5808
1877
1610
1331
1792
303
701
2626
1626
7649
1962
7828
1690
2122
1051
1169
2052
2433
5526
216
1706
2906
1915
6574
1884
702
5531
4961
5502
1089
1511
3949
1628
5017
5409
2766
2048
1670
5830
2599
2894
802
3422
860
21
1666
3862
7541
9229
2669
6050
1560
2483
1094
1664
2039
4772
6850
639
8929
1620
7457
3320
1016
1595
1918
1757
2731
389
1286
327
6082
5620
1582
1678
3553
2032
260
2134
1047
3254
44
5569
1176
2147
854
885
1490
2860
3527
1649
1414
1544
1840
1541
2123
1944
2095
1003
1636
1518
1416
1658
1274
6167
2038
421
2868
1479
1793
2267
1557
1606
308
3282
1519
1472
2437
1159
1713
1488
438
1462
674
3378
6791
419
7986
4587
2395
2617
9811
1512
386
895
1184
693
8839
9199
3347
2361
242
3792
2855
2813
2402
1521
2218
3839
134
2330
8227
